lowerThanRT
1
1
1
1
1
0.998
0.998
0.998
0.994
0.994
0.988
0.988
0.986
0.986
0.986
0.984
0.98
0.978
0.972
0.966
0.96
0.96
0.954
0.942
0.934
0.924
0.922
0.92
0.92
0.912
0.908
0.908
0.904
0.904
0.898
0.89
0.89
0.882
0.882
0.876
0.876
0.876
0.874
0.87
0.86
0.858
0.85
0.848
0.838
0.836
0.834
0.824
0.816
0.806
0.802
0.802
0.794
0.794
0.79
0.784
0.778
0.772
0.762
0.762
0.76
0.756
0.75
0.742
0.74
0.734
0.73
0.722
0.722
0.716
0.704
0.7
0.696
0.696
0.694
0.692
0.69
0.684
0.682
0.674
0.664
0.656
0.648
0.646
0.646
0.634
0.628
0.626
0.616
0.614
0.612
0.604
0.6
0.598
0.598
0.59
