T		V		E		lowerThanRT
4.18374e-16	-2.24677e-15	-1.82839e-15	1
4.18387e-16	-2.24676e-15	-1.82837e-15	1
4.18418e-16	-2.24677e-15	-1.82835e-15	1
4.18464e-16	-2.2468e-15	-1.82833e-15	1
4.18527e-16	-2.24684e-15	-1.82831e-15	1
4.18605e-16	-2.2469e-15	-1.82829e-15	1
4.18699e-16	-2.24697e-15	-1.82828e-15	1
4.18809e-16	-2.24706e-15	-1.82826e-15	1
4.18935e-16	-2.24717e-15	-1.82824e-15	1
4.19077e-16	-2.24729e-15	-1.82822e-15	1
4.19235e-16	-2.24743e-15	-1.8282e-15	1
4.19408e-16	-2.24759e-15	-1.82818e-15	1
4.19597e-16	-2.24775e-15	-1.82816e-15	1
4.19803e-16	-2.24794e-15	-1.82814e-15	1
4.20024e-16	-2.24814e-15	-1.82812e-15	1
4.20261e-16	-2.24836e-15	-1.8281e-15	1
4.20514e-16	-2.24859e-15	-1.82808e-15	1
4.20783e-16	-2.24884e-15	-1.82806e-15	1
4.21068e-16	-2.24911e-15	-1.82804e-15	1
4.21368e-16	-2.24939e-15	-1.82802e-15	1
4.21685e-16	-2.24969e-15	-1.828e-15	1
4.22018e-16	-2.25e-15	-1.82798e-15	1
4.22367e-16	-2.25033e-15	-1.82796e-15	1
4.22731e-16	-2.25067e-15	-1.82794e-15	1
4.23112e-16	-2.25103e-15	-1.82792e-15	1
4.23509e-16	-2.25141e-15	-1.8279e-15	1
4.23922e-16	-2.2518e-15	-1.82788e-15	1
4.24351e-16	-2.25221e-15	-1.82786e-15	1
4.24796e-16	-2.25264e-15	-1.82784e-15	1
4.25258e-16	-2.25308e-15	-1.82782e-15	1
4.25735e-16	-2.25354e-15	-1.8278e-15	1
4.26229e-16	-2.25401e-15	-1.82778e-15	1
4.26739e-16	-2.2545e-15	-1.82776e-15	1
4.27265e-16	-2.25501e-15	-1.82775e-15	1
4.27807e-16	-2.25553e-15	-1.82773e-15	1
4.28366e-16	-2.25607e-15	-1.82771e-15	1
4.28941e-16	-2.25663e-15	-1.82769e-15	1
4.29532e-16	-2.2572e-15	-1.82767e-15	1
4.3014e-16	-2.25779e-15	-1.82765e-15	1
4.30764e-16	-2.25839e-15	-1.82763e-15	1
4.31404e-16	-2.25901e-15	-1.82761e-15	1
4.32061e-16	-2.25965e-15	-1.82759e-15	1
4.32735e-16	-2.2603e-15	-1.82757e-15	1
4.33425e-16	-2.26097e-15	-1.82755e-15	1
4.34131e-16	-2.26166e-15	-1.82753e-15	1
4.34855e-16	-2.26237e-15	-1.82751e-15	1
4.35595e-16	-2.26309e-15	-1.82749e-15	1
4.36351e-16	-2.26382e-15	-1.82747e-15	1
4.37124e-16	-2.26458e-15	-1.82745e-15	1
4.37915e-16	-2.26535e-15	-1.82743e-15	1
4.38721e-16	-2.26614e-15	-1.82741e-15	1
4.39545e-16	-2.26694e-15	-1.82739e-15	1
4.40386e-16	-2.26776e-15	-1.82737e-15	1
4.41243e-16	-2.2686e-15	-1.82736e-15	1
4.42118e-16	-2.26945e-15	-1.82734e-15	1
4.4301e-16	-2.27033e-15	-1.82732e-15	1
4.43918e-16	-2.27122e-15	-1.8273e-15	1
4.44844e-16	-2.27212e-15	-1.82728e-15	1
4.45787e-16	-2.27305e-15	-1.82726e-15	1
4.46747e-16	-2.27399e-15	-1.82724e-15	1
4.47725e-16	-2.27494e-15	-1.82722e-15	1
4.48719e-16	-2.27592e-15	-1.8272e-15	1
4.49731e-16	-2.27691e-15	-1.82718e-15	1
4.50761e-16	-2.27792e-15	-1.82716e-15	1
4.51808e-16	-2.27895e-15	-1.82714e-15	1
4.52873e-16	-2.28e-15	-1.82712e-15	1
4.53955e-16	-2.28106e-15	-1.8271e-15	1
4.55055e-16	-2.28214e-15	-1.82709e-15	1
4.56172e-16	-2.28324e-15	-1.82707e-15	1
4.57308e-16	-2.28435e-15	-1.82705e-15	1
4.58461e-16	-2.28549e-15	-1.82703e-15	1
4.59632e-16	-2.28664e-15	-1.82701e-15	1
4.60821e-16	-2.28781e-15	-1.82699e-15	1
4.62028e-16	-2.289e-15	-1.82697e-15	1
4.63253e-16	-2.2902e-15	-1.82695e-15	1
4.64497e-16	-2.29143e-15	-1.82693e-15	1
4.65758e-16	-2.29267e-15	-1.82691e-15	1
4.67038e-16	-2.29393e-15	-1.82689e-15	1
4.68337e-16	-2.29521e-15	-1.82688e-15	1
4.69653e-16	-2.29651e-15	-1.82686e-15	1
4.70989e-16	-2.29783e-15	-1.82684e-15	1
4.72342e-16	-2.29916e-15	-1.82682e-15	1
4.73715e-16	-2.30051e-15	-1.8268e-15	1
4.75106e-16	-2.30189e-15	-1.82678e-15	1
4.76516e-16	-2.30328e-15	-1.82676e-15	1
4.77945e-16	-2.30469e-15	-1.82674e-15	1
4.79393e-16	-2.30612e-15	-1.82672e-15	1
4.8086e-16	-2.30756e-15	-1.8267e-15	1
4.82346e-16	-2.30903e-15	-1.82669e-15	1
4.83852e-16	-2.31052e-15	-1.82667e-15	1
4.85377e-16	-2.31202e-15	-1.82665e-15	1
4.86921e-16	-2.31355e-15	-1.82663e-15	1
4.88484e-16	-2.3151e-15	-1.82661e-15	1
4.90067e-16	-2.31666e-15	-1.82659e-15	1
4.9167e-16	-2.31824e-15	-1.82657e-15	1
4.93293e-16	-2.31985e-15	-1.82655e-15	1
4.94936e-16	-2.32147e-15	-1.82654e-15	1
4.96598e-16	-2.32312e-15	-1.82652e-15	1
4.9828e-16	-2.32478e-15	-1.8265e-15	1
4.99983e-16	-2.32646e-15	-1.82648e-15	1
5.01706e-16	-2.32817e-15	-1.82646e-15	1
5.03449e-16	-2.32989e-15	-1.82644e-15	1
5.05213e-16	-2.33164e-15	-1.82643e-15	1
5.06997e-16	-2.3334e-15	-1.82641e-15	1
5.08802e-16	-2.33519e-15	-1.82639e-15	1
5.10628e-16	-2.337e-15	-1.82637e-15	1
5.12474e-16	-2.33883e-15	-1.82635e-15	1
5.14342e-16	-2.34068e-15	-1.82633e-15	1
5.16231e-16	-2.34255e-15	-1.82631e-15	1
5.18141e-16	-2.34444e-15	-1.8263e-15	1
5.20072e-16	-2.34635e-15	-1.82628e-15	1
5.22024e-16	-2.34828e-15	-1.82626e-15	1
5.23999e-16	-2.35024e-15	-1.82624e-15	1
5.25995e-16	-2.35222e-15	-1.82622e-15	1
5.28012e-16	-2.35422e-15	-1.82621e-15	1
5.30052e-16	-2.35624e-15	-1.82619e-15	1
5.32114e-16	-2.35828e-15	-1.82617e-15	1
5.34197e-16	-2.36035e-15	-1.82615e-15	1
5.36304e-16	-2.36244e-15	-1.82613e-15	1
5.38432e-16	-2.36455e-15	-1.82612e-15	1
5.40583e-16	-2.36668e-15	-1.8261e-15	1
5.42757e-16	-2.36884e-15	-1.82608e-15	1
5.44954e-16	-2.37102e-15	-1.82606e-15	1
5.47174e-16	-2.37322e-15	-1.82605e-15	1
5.49417e-16	-2.37544e-15	-1.82603e-15	1
5.51683e-16	-2.37769e-15	-1.82601e-15	1
5.53972e-16	-2.37996e-15	-1.82599e-15	1
5.56285e-16	-2.38226e-15	-1.82597e-15	1
5.58622e-16	-2.38458e-15	-1.82596e-15	1
5.60983e-16	-2.38692e-15	-1.82594e-15	1
5.63368e-16	-2.38929e-15	-1.82592e-15	1
5.65776e-16	-2.39168e-15	-1.82591e-15	1
5.68209e-16	-2.3941e-15	-1.82589e-15	1
5.70667e-16	-2.39654e-15	-1.82587e-15	1
5.73149e-16	-2.399e-15	-1.82585e-15	1
5.75656e-16	-2.40149e-15	-1.82584e-15	1
5.78188e-16	-2.40401e-15	-1.82582e-15	1
5.80745e-16	-2.40655e-15	-1.8258e-15	1
5.83328e-16	-2.40911e-15	-1.82579e-15	1
5.85936e-16	-2.4117e-15	-1.82577e-15	1
5.88569e-16	-2.41432e-15	-1.82575e-15	1
5.91229e-16	-2.41696e-15	-1.82573e-15	1
5.93914e-16	-2.41963e-15	-1.82572e-15	1
5.96626e-16	-2.42233e-15	-1.8257e-15	1
5.99364e-16	-2.42505e-15	-1.82568e-15	1
6.02128e-16	-2.4278e-15	-1.82567e-15	1
6.04919e-16	-2.43057e-15	-1.82565e-15	1
6.07738e-16	-2.43337e-15	-1.82564e-15	1
6.10583e-16	-2.4362e-15	-1.82562e-15	1
6.13456e-16	-2.43906e-15	-1.8256e-15	1
6.16356e-16	-2.44194e-15	-1.82559e-15	1
6.19284e-16	-2.44485e-15	-1.82557e-15	1
6.2224e-16	-2.44779e-15	-1.82555e-15	1
6.25224e-16	-2.45076e-15	-1.82554e-15	1
6.28236e-16	-2.45376e-15	-1.82552e-15	1
6.31277e-16	-2.45678e-15	-1.82551e-15	1
6.34347e-16	-2.45984e-15	-1.82549e-15	1
6.37446e-16	-2.46292e-15	-1.82547e-15	1
6.40574e-16	-2.46603e-15	-1.82546e-15	1
6.43732e-16	-2.46917e-15	-1.82544e-15	1
6.46919e-16	-2.47235e-15	-1.82543e-15	1
6.50136e-16	-2.47555e-15	-1.82541e-15	1
6.53383e-16	-2.47878e-15	-1.8254e-15	1
6.56661e-16	-2.48204e-15	-1.82538e-15	1
6.5997e-16	-2.48534e-15	-1.82537e-15	1
6.63309e-16	-2.48866e-15	-1.82535e-15	1
6.66679e-16	-2.49202e-15	-1.82534e-15	1
6.70081e-16	-2.4954e-15	-1.82532e-15	1
6.73515e-16	-2.49882e-15	-1.82531e-15	1
6.7698e-16	-2.50227e-15	-1.82529e-15	1
6.80478e-16	-2.50576e-15	-1.82528e-15	1
6.84008e-16	-2.50927e-15	-1.82526e-15	1
6.87571e-16	-2.51282e-15	-1.82525e-15	1
6.91167e-16	-2.5164e-15	-1.82523e-15	1
6.94796e-16	-2.52002e-15	-1.82522e-15	1
6.98459e-16	-2.52366e-15	-1.82521e-15	1
7.02155e-16	-2.52735e-15	-1.82519e-15	1
7.05886e-16	-2.53106e-15	-1.82518e-15	1
7.09652e-16	-2.53482e-15	-1.82516e-15	1
7.13452e-16	-2.5386e-15	-1.82515e-15	1
7.17287e-16	-2.54242e-15	-1.82514e-15	1
7.21157e-16	-2.54628e-15	-1.82512e-15	1
7.25063e-16	-2.55017e-15	-1.82511e-15	1
7.29005e-16	-2.5541e-15	-1.8251e-15	1
7.32984e-16	-2.55807e-15	-1.82508e-15	1
7.36999e-16	-2.56207e-15	-1.82507e-15	1
7.41051e-16	-2.56611e-15	-1.82506e-15	1
7.4514e-16	-2.57019e-15	-1.82505e-15	1
7.49267e-16	-2.5743e-15	-1.82503e-15	1
7.53433e-16	-2.57845e-15	-1.82502e-15	1
7.57636e-16	-2.58264e-15	-1.82501e-15	1
7.61878e-16	-2.58687e-15	-1.825e-15	1
7.6616e-16	-2.59114e-15	-1.82498e-15	1
7.7048e-16	-2.59545e-15	-1.82497e-15	1
7.74841e-16	-2.5998e-15	-1.82496e-15	1
7.79242e-16	-2.60419e-15	-1.82495e-15	1
7.83683e-16	-2.60862e-15	-1.82494e-15	1
7.88166e-16	-2.61309e-15	-1.82493e-15	1
7.9269e-16	-2.6176e-15	-1.82491e-15	1
7.97255e-16	-2.62216e-15	-1.8249e-15	1
8.01863e-16	-2.62676e-15	-1.82489e-15	1
8.06514e-16	-2.6314e-15	-1.82488e-15	1
8.11207e-16	-2.63608e-15	-1.82487e-15	1
8.15945e-16	-2.64081e-15	-1.82486e-15	1
8.20726e-16	-2.64558e-15	-1.82485e-15	1
8.25551e-16	-2.65039e-15	-1.82484e-15	1
8.30421e-16	-2.65525e-15	-1.82483e-15	1
8.35336e-16	-2.66016e-15	-1.82482e-15	1
8.40298e-16	-2.66511e-15	-1.82481e-15	1
8.45305e-16	-2.67011e-15	-1.8248e-15	1
8.50359e-16	-2.67515e-15	-1.82479e-15	1
8.5546e-16	-2.68025e-15	-1.82479e-15	1
8.60609e-16	-2.68539e-15	-1.82478e-15	1
8.65806e-16	-2.69057e-15	-1.82477e-15	1
8.71051e-16	-2.69581e-15	-1.82476e-15	1
8.76346e-16	-2.7011e-15	-1.82475e-15	1
8.81691e-16	-2.70644e-15	-1.82474e-15	1
8.87086e-16	-2.71182e-15	-1.82474e-15	1
8.92531e-16	-2.71726e-15	-1.82473e-15	1
8.98028e-16	-2.72275e-15	-1.82472e-15	1
9.03577e-16	-2.72829e-15	-1.82472e-15	1
9.09178e-16	-2.73389e-15	-1.82471e-15	1
9.14832e-16	-2.73954e-15	-1.8247e-15	1
9.2054e-16	-2.74524e-15	-1.8247e-15	1
9.26302e-16	-2.75099e-15	-1.82469e-15	1
9.32119e-16	-2.7568e-15	-1.82469e-15	1
9.37991e-16	-2.76267e-15	-1.82468e-15	1
9.4392e-16	-2.7686e-15	-1.82468e-15	1
9.49905e-16	-2.77458e-15	-1.82467e-15	1
9.55947e-16	-2.78061e-15	-1.82467e-15	1
9.62048e-16	-2.78671e-15	-1.82466e-15	1
9.68207e-16	-2.79287e-15	-1.82466e-15	1
9.74425e-16	-2.79908e-15	-1.82465e-15	1
9.80704e-16	-2.80536e-15	-1.82465e-15	1
9.87043e-16	-2.81169e-15	-1.82465e-15	1
9.93443e-16	-2.81809e-15	-1.82465e-15	1
9.99906e-16	-2.82455e-15	-1.82464e-15	1
1.00643e-15	-2.83107e-15	-1.82464e-15	1
1.01302e-15	-2.83766e-15	-1.82464e-15	1
1.01968e-15	-2.84431e-15	-1.82464e-15	1
1.02639e-15	-2.85103e-15	-1.82464e-15	1
1.03318e-15	-2.85782e-15	-1.82464e-15	1
1.04003e-15	-2.86467e-15	-1.82464e-15	1
1.04695e-15	-2.87159e-15	-1.82464e-15	1
1.05394e-15	-2.87858e-15	-1.82464e-15	1
1.061e-15	-2.88564e-15	-1.82464e-15	1
1.06812e-15	-2.89276e-15	-1.82464e-15	1
1.07532e-15	-2.89996e-15	-1.82464e-15	1
1.08259e-15	-2.90724e-15	-1.82464e-15	1
1.08994e-15	-2.91458e-15	-1.82465e-15	1
1.09735e-15	-2.922e-15	-1.82465e-15	1
1.10484e-15	-2.9295e-15	-1.82465e-15	1
1.11241e-15	-2.93707e-15	-1.82466e-15	1
1.12006e-15	-2.94472e-15	-1.82466e-15	1
1.12778e-15	-2.95244e-15	-1.82467e-15	1
1.13558e-15	-2.96025e-15	-1.82467e-15	1
1.14346e-15	-2.96813e-15	-1.82468e-15	1
1.15142e-15	-2.9761e-15	-1.82468e-15	1
1.15946e-15	-2.98415e-15	-1.82469e-15	1
1.16759e-15	-2.99228e-15	-1.8247e-15	1
1.1758e-15	-3.0005e-15	-1.8247e-15	1
1.18409e-15	-3.0088e-15	-1.82471e-15	1
1.19247e-15	-3.01719e-15	-1.82472e-15	1
1.20094e-15	-3.02567e-15	-1.82473e-15	1
1.2095e-15	-3.03424e-15	-1.82474e-15	1
1.21814e-15	-3.04289e-15	-1.82475e-15	1
1.22688e-15	-3.05164e-15	-1.82476e-15	1
1.23571e-15	-3.06048e-15	-1.82477e-15	1
1.24463e-15	-3.06942e-15	-1.82479e-15	1
1.25365e-15	-3.07845e-15	-1.8248e-15	1
1.26277e-15	-3.08758e-15	-1.82481e-15	1
1.27198e-15	-3.09681e-15	-1.82483e-15	1
1.28129e-15	-3.10613e-15	-1.82484e-15	1
1.2907e-15	-3.11556e-15	-1.82486e-15	1
1.30022e-15	-3.12509e-15	-1.82488e-15	1
1.30983e-15	-3.13473e-15	-1.82489e-15	1
1.31955e-15	-3.14446e-15	-1.82491e-15	1
1.32938e-15	-3.15431e-15	-1.82493e-15	1
1.33932e-15	-3.16427e-15	-1.82495e-15	1
1.34936e-15	-3.17433e-15	-1.82497e-15	1
1.35952e-15	-3.18451e-15	-1.82499e-15	1
1.36979e-15	-3.1948e-15	-1.82501e-15	1
1.38017e-15	-3.20521e-15	-1.82503e-15	1
1.39067e-15	-3.21573e-15	-1.82506e-15	1
1.40129e-15	-3.22637e-15	-1.82508e-15	1
1.41203e-15	-3.23714e-15	-1.82511e-15	1
1.42289e-15	-3.24802e-15	-1.82513e-15	1
1.43387e-15	-3.25903e-15	-1.82516e-15	1
1.44498e-15	-3.27017e-15	-1.82519e-15	1
1.45621e-15	-3.28143e-15	-1.82522e-15	1
1.46758e-15	-3.29283e-15	-1.82525e-15	1
1.47907e-15	-3.30435e-15	-1.82528e-15	1
1.4907e-15	-3.31601e-15	-1.82531e-15	1
1.50247e-15	-3.32781e-15	-1.82535e-15	1
1.51437e-15	-3.33975e-15	-1.82538e-15	1
1.52641e-15	-3.35183e-15	-1.82542e-15	1
1.53859e-15	-3.36405e-15	-1.82545e-15	1
1.55092e-15	-3.37641e-15	-1.82549e-15	1
1.5634e-15	-3.38893e-15	-1.82553e-15	1
1.57602e-15	-3.40159e-15	-1.82557e-15	1
1.5888e-15	-3.41441e-15	-1.82561e-15	1
1.60173e-15	-3.42738e-15	-1.82566e-15	1
1.61481e-15	-3.44051e-15	-1.8257e-15	1
1.62806e-15	-3.4538e-15	-1.82575e-15	1
1.64147e-15	-3.46726e-15	-1.82579e-15	1
1.65504e-15	-3.48088e-15	-1.82584e-15	1
1.66878e-15	-3.49467e-15	-1.82589e-15	1
1.68269e-15	-3.50863e-15	-1.82594e-15	1
1.69677e-15	-3.52277e-15	-1.826e-15	1
1.71103e-15	-3.53708e-15	-1.82605e-15	1
1.72547e-15	-3.55158e-15	-1.82611e-15	1
1.74009e-15	-3.56625e-15	-1.82616e-15	1
1.7549e-15	-3.58112e-15	-1.82622e-15	1
1.76989e-15	-3.59618e-15	-1.82628e-15	1
1.78508e-15	-3.61143e-15	-1.82635e-15	1
1.80046e-15	-3.62688e-15	-1.82641e-15	1
1.81605e-15	-3.64253e-15	-1.82648e-15	1
1.83183e-15	-3.65838e-15	-1.82655e-15	1
1.84782e-15	-3.67444e-15	-1.82662e-15	1
1.86403e-15	-3.69072e-15	-1.82669e-15	1
1.88044e-15	-3.70721e-15	-1.82677e-15	1
1.89708e-15	-3.72392e-15	-1.82684e-15	1
1.91393e-15	-3.74085e-15	-1.82692e-15	1
1.93101e-15	-3.75801e-15	-1.827e-15	1
1.94832e-15	-3.77541e-15	-1.82709e-15	1
1.96587e-15	-3.79304e-15	-1.82717e-15	1
1.98366e-15	-3.81092e-15	-1.82726e-15	1
2.00169e-15	-3.82904e-15	-1.82735e-15	1
2.01996e-15	-3.84741e-15	-1.82744e-15	1
2.03849e-15	-3.86603e-15	-1.82754e-15	1
2.05728e-15	-3.88492e-15	-1.82764e-15	1
2.07633e-15	-3.90407e-15	-1.82774e-15	1
2.09565e-15	-3.92349e-15	-1.82784e-15	1
2.11525e-15	-3.94319e-15	-1.82795e-15	1
2.13512e-15	-3.96317e-15	-1.82806e-15	1
2.15527e-15	-3.98344e-15	-1.82817e-15	1
2.17572e-15	-4.004e-15	-1.82828e-15	1
2.19646e-15	-4.02486e-15	-1.8284e-15	1
2.2175e-15	-4.04602e-15	-1.82852e-15	1
2.23885e-15	-4.06749e-15	-1.82865e-15	1
2.26051e-15	-4.08928e-15	-1.82877e-15	1
2.28249e-15	-4.1114e-15	-1.82891e-15	1
2.3048e-15	-4.13384e-15	-1.82904e-15	1
2.32744e-15	-4.15662e-15	-1.82918e-15	1
2.35042e-15	-4.17975e-15	-1.82932e-15	1
2.37375e-15	-4.20322e-15	-1.82947e-15	1
2.39744e-15	-4.22706e-15	-1.82962e-15	1
2.42148e-15	-4.25126e-15	-1.82977e-15	1
2.4459e-15	-4.27583e-15	-1.82993e-15	1
2.47069e-15	-4.30078e-15	-1.83009e-15	1
2.49587e-15	-4.32613e-15	-1.83026e-15	1
2.52144e-15	-4.35187e-15	-1.83043e-15	1
2.54742e-15	-4.37802e-15	-1.8306e-15	1
2.5738e-15	-4.40458e-15	-1.83078e-15	1
2.6006e-15	-4.43157e-15	-1.83097e-15	1
2.62783e-15	-4.45899e-15	-1.83116e-15	1
2.6555e-15	-4.48685e-15	-1.83135e-15	1
2.68362e-15	-4.51517e-15	-1.83155e-15	1
2.71219e-15	-4.54394e-15	-1.83175e-15	1
2.74123e-15	-4.57319e-15	-1.83196e-15	1
2.77074e-15	-4.60292e-15	-1.83218e-15	1
2.80075e-15	-4.63314e-15	-1.8324e-15	1
2.83125e-15	-4.66387e-15	-1.83262e-15	1
2.86226e-15	-4.69511e-15	-1.83285e-15	1
2.89379e-15	-4.72688e-15	-1.83309e-15	1
2.92585e-15	-4.75919e-15	-1.83333e-15	1
2.95846e-15	-4.79204e-15	-1.83358e-15	1
2.99162e-15	-4.82546e-15	-1.83384e-15	1
3.02535e-15	-4.85945e-15	-1.8341e-15	1
3.05966e-15	-4.89403e-15	-1.83437e-15	1
3.09457e-15	-4.92921e-15	-1.83464e-15	1
3.13008e-15	-4.965e-15	-1.83492e-15	1
3.16621e-15	-5.00142e-15	-1.83521e-15	1
3.20298e-15	-5.03848e-15	-1.8355e-15	1
3.24039e-15	-5.07619e-15	-1.8358e-15	1
3.27847e-15	-5.11458e-15	-1.83611e-15	1
3.31722e-15	-5.15365e-15	-1.83642e-15	1
3.35667e-15	-5.19341e-15	-1.83674e-15	1
3.39682e-15	-5.23389e-15	-1.83707e-15	1
3.4377e-15	-5.2751e-15	-1.83741e-15	1
3.47931e-15	-5.31706e-15	-1.83775e-15	1
3.52168e-15	-5.35977e-15	-1.8381e-15	1
3.56481e-15	-5.40327e-15	-1.83845e-15	1
3.60874e-15	-5.44755e-15	-1.83881e-15	1
3.65346e-15	-5.49265e-15	-1.83918e-15	1
3.69901e-15	-5.53857e-15	-1.83956e-15	1
3.74539e-15	-5.58533e-15	-1.83994e-15	1
3.79263e-15	-5.63296e-15	-1.84033e-15	1
3.84074e-15	-5.68146e-15	-1.84072e-15	1
3.88973e-15	-5.73085e-15	-1.84112e-15	1
3.93963e-15	-5.78115e-15	-1.84153e-15	1
3.99045e-15	-5.83238e-15	-1.84193e-15	1
4.0422e-15	-5.88455e-15	-1.84235e-15	1
4.09491e-15	-5.93768e-15	-1.84277e-15	1
4.14859e-15	-5.99178e-15	-1.84319e-15	1
4.20326e-15	-6.04687e-15	-1.84361e-15	1
4.25893e-15	-6.10296e-15	-1.84404e-15	1
4.31562e-15	-6.16008e-15	-1.84446e-15	1
4.37333e-15	-6.21822e-15	-1.84489e-15	1
4.43209e-15	-6.2774e-15	-1.84531e-15	1
4.49191e-15	-6.33764e-15	-1.84573e-15	1
4.5528e-15	-6.39895e-15	-1.84615e-15	1
4.61476e-15	-6.46132e-15	-1.84656e-15	1
4.67781e-15	-6.52478e-15	-1.84696e-15	1
4.74196e-15	-6.58932e-15	-1.84736e-15	1
4.8072e-15	-6.65494e-15	-1.84774e-15	1
4.87355e-15	-6.72166e-15	-1.84811e-15	1
4.941e-15	-6.78946e-15	-1.84846e-15	1
5.00955e-15	-6.85834e-15	-1.84879e-15	1
5.07919e-15	-6.92829e-15	-1.8491e-15	1
5.14992e-15	-6.9993e-15	-1.84938e-15	1
5.22173e-15	-7.07136e-15	-1.84964e-15	1
5.29459e-15	-7.14444e-15	-1.84985e-15	1
5.36849e-15	-7.21852e-15	-1.85003e-15	1
5.4434e-15	-7.29356e-15	-1.85016e-15	1
5.51929e-15	-7.36954e-15	-1.85025e-15	1
5.59612e-15	-7.44639e-15	-1.85028e-15	1
5.67385e-15	-7.52409e-15	-1.85024e-15	1
5.75242e-15	-7.60256e-15	-1.85014e-15	1
5.83178e-15	-7.68175e-15	-1.84996e-15	1
5.91187e-15	-7.76157e-15	-1.8497e-15	1
5.99259e-15	-7.84194e-15	-1.84935e-15	1
6.07388e-15	-7.92278e-15	-1.8489e-15	1
6.15562e-15	-8.00396e-15	-1.84834e-15	1
6.23773e-15	-8.08539e-15	-1.84766e-15	1
6.32007e-15	-8.16693e-15	-1.84685e-15	1
6.40253e-15	-8.24844e-15	-1.84591e-15	1
6.48495e-15	-8.32977e-15	-1.84482e-15	1
6.56719e-15	-8.41076e-15	-1.84357e-15	1
6.64908e-15	-8.49123e-15	-1.84215e-15	1
6.73044e-15	-8.57099e-15	-1.84055e-15	1
6.81108e-15	-8.64984e-15	-1.83876e-15	1
6.89079e-15	-8.72756e-15	-1.83677e-15	1
6.96935e-15	-8.80393e-15	-1.83458e-15	1
7.04655e-15	-8.87871e-15	-1.83216e-15	1
7.12213e-15	-8.95165e-15	-1.82952e-15	1
7.19585e-15	-9.0225e-15	-1.82665e-15	1
7.26745e-15	-9.09099e-15	-1.82355e-15	1
7.33666e-15	-9.15686e-15	-1.8202e-15	1
7.40321e-15	-9.21982e-15	-1.81661e-15	1
7.46683e-15	-9.27961e-15	-1.81278e-15	1
7.52724e-15	-9.33596e-15	-1.80872e-15	1
7.58418e-15	-9.38859e-15	-1.80441e-15	1
7.63736e-15	-9.43725e-15	-1.79989e-15	1
7.68654e-15	-9.48169e-15	-1.79515e-15	1
7.73147e-15	-9.52167e-15	-1.7902e-15	1
7.7719e-15	-9.55697e-15	-1.78507e-15	1
7.80763e-15	-9.5874e-15	-1.77977e-15	1
7.83846e-15	-9.61278e-15	-1.77432e-15	1
7.86422e-15	-9.63296e-15	-1.76874e-15	1
7.88475e-15	-9.64781e-15	-1.76306e-15	1
7.89994e-15	-9.65725e-15	-1.75731e-15	1
7.90971e-15	-9.66122e-15	-1.75151e-15	1
7.91399e-15	-9.65968e-15	-1.74569e-15	1
7.91277e-15	-9.65265e-15	-1.73988e-15	1
7.90606e-15	-9.64016e-15	-1.73411e-15	1
7.89389e-15	-9.62229e-15	-1.7284e-15	1
7.87634e-15	-9.59912e-15	-1.72279e-15	1
7.85352e-15	-9.57081e-15	-1.71729e-15	1
7.82556e-15	-9.5375e-15	-1.71193e-15	1
7.79264e-15	-9.49937e-15	-1.70674e-15	1
7.75492e-15	-9.45664e-15	-1.70172e-15	1
7.71262e-15	-9.40953e-15	-1.69691e-15	1
7.66598e-15	-9.35828e-15	-1.69231e-15	1
7.61522e-15	-9.30315e-15	-1.68793e-15	1
7.56061e-15	-9.24439e-15	-1.68378e-15	1
7.50241e-15	-9.18229e-15	-1.67987e-15	1
7.44089e-15	-9.1171e-15	-1.67621e-15	1
7.37633e-15	-9.04912e-15	-1.67279e-15	1
7.30899e-15	-8.9786e-15	-1.66961e-15	1
7.23916e-15	-8.90583e-15	-1.66667e-15	1
7.16709e-15	-8.83105e-15	-1.66396e-15	1
7.09305e-15	-8.75454e-15	-1.66149e-15	1
7.01729e-15	-8.67652e-15	-1.65923e-15	1
6.94006e-15	-8.59725e-15	-1.65719e-15	1
6.86158e-15	-8.51694e-15	-1.65536e-15	1
6.78208e-15	-8.4358e-15	-1.65371e-15	1
6.70177e-15	-8.35403e-15	-1.65226e-15	1
6.62084e-15	-8.27182e-15	-1.65098e-15	1
6.53949e-15	-8.18934e-15	-1.64986e-15	1
6.45787e-15	-8.10676e-15	-1.64889e-15	1
6.37615e-15	-8.02422e-15	-1.64807e-15	1
6.29447e-15	-7.94185e-15	-1.64737e-15	1
6.21297e-15	-7.85978e-15	-1.64681e-15	1
6.13177e-15	-7.77812e-15	-1.64635e-15	1
6.05098e-15	-7.69697e-15	-1.646e-15	1
5.9707e-15	-7.61643e-15	-1.64574e-15	1
5.89101e-15	-7.53657e-15	-1.64556e-15	1
5.812e-15	-7.45747e-15	-1.64547e-15	1
5.73374e-15	-7.37919e-15	-1.64545e-15	1
5.65629e-15	-7.30178e-15	-1.64549e-15	1
5.5797e-15	-7.22529e-15	-1.64559e-15	1
5.50403e-15	-7.14977e-15	-1.64574e-15	1
5.4293e-15	-7.07524e-15	-1.64593e-15	1
5.35557e-15	-7.00174e-15	-1.64617e-15	1
5.28284e-15	-6.92929e-15	-1.64645e-15	1
5.21116e-15	-6.85791e-15	-1.64675e-15	1
5.14052e-15	-6.78761e-15	-1.64708e-15	1
5.07096e-15	-6.7184e-15	-1.64744e-15	1
5.00248e-15	-6.6503e-15	-1.64782e-15	1
4.93508e-15	-6.58329e-15	-1.64821e-15	1
4.86878e-15	-6.5174e-15	-1.64862e-15	1
4.80356e-15	-6.4526e-15	-1.64904e-15	1
4.73944e-15	-6.38891e-15	-1.64947e-15	1
4.67639e-15	-6.3263e-15	-1.64991e-15	1
4.61443e-15	-6.26479e-15	-1.65035e-15	1
4.55354e-15	-6.20434e-15	-1.6508e-15	1
4.49371e-15	-6.14496e-15	-1.65125e-15	1
4.43493e-15	-6.08664e-15	-1.65171e-15	1
4.37719e-15	-6.02935e-15	-1.65216e-15	1
4.32048e-15	-5.97309e-15	-1.65261e-15	1
4.26477e-15	-5.91784e-15	-1.65306e-15	1
4.21007e-15	-5.86358e-15	-1.65351e-15	1
4.15635e-15	-5.8103e-15	-1.65395e-15	1
4.1036e-15	-5.75799e-15	-1.65439e-15	1
4.0518e-15	-5.70662e-15	-1.65483e-15	1
4.00093e-15	-5.65619e-15	-1.65526e-15	1
3.95099e-15	-5.60667e-15	-1.65568e-15	1
3.90194e-15	-5.55804e-15	-1.6561e-15	1
3.85378e-15	-5.51029e-15	-1.65651e-15	1
3.80649e-15	-5.46341e-15	-1.65692e-15	1
3.76006e-15	-5.41737e-15	-1.65732e-15	1
3.71446e-15	-5.37216e-15	-1.65771e-15	1
3.66967e-15	-5.32776e-15	-1.65809e-15	1
3.62569e-15	-5.28416e-15	-1.65847e-15	1
3.5825e-15	-5.24134e-15	-1.65884e-15	1
3.54007e-15	-5.19927e-15	-1.6592e-15	1
3.4984e-15	-5.15796e-15	-1.65956e-15	1
3.45746e-15	-5.11737e-15	-1.65991e-15	1
3.41725e-15	-5.0775e-15	-1.66025e-15	1
3.37775e-15	-5.03833e-15	-1.66058e-15	1
3.33893e-15	-4.99984e-15	-1.66091e-15	1
3.3008e-15	-4.96203e-15	-1.66123e-15	1
3.26332e-15	-4.92487e-15	-1.66154e-15	1
3.2265e-15	-4.88834e-15	-1.66185e-15	1
3.1903e-15	-4.85245e-15	-1.66215e-15	1
3.15473e-15	-4.81717e-15	-1.66244e-15	1
3.11976e-15	-4.78249e-15	-1.66273e-15	1
3.08539e-15	-4.7484e-15	-1.663e-15	1
3.0516e-15	-4.71488e-15	-1.66328e-15	1
3.01838e-15	-4.68192e-15	-1.66354e-15	1
2.98571e-15	-4.64951e-15	-1.6638e-15	1
2.95358e-15	-4.61764e-15	-1.66405e-15	1
2.92199e-15	-4.58629e-15	-1.6643e-15	1
2.89092e-15	-4.55546e-15	-1.66454e-15	1
2.86036e-15	-4.52514e-15	-1.66478e-15	1
2.83029e-15	-4.4953e-15	-1.66501e-15	1
2.80071e-15	-4.46594e-15	-1.66523e-15	1
2.77161e-15	-4.43706e-15	-1.66545e-15	1
2.74297e-15	-4.40864e-15	-1.66567e-15	1
2.7148e-15	-4.38067e-15	-1.66587e-15	1
2.68706e-15	-4.35314e-15	-1.66608e-15	1
2.65977e-15	-4.32604e-15	-1.66628e-15	1
2.6329e-15	-4.29937e-15	-1.66647e-15	1
2.60645e-15	-4.27311e-15	-1.66666e-15	1
2.58041e-15	-4.24725e-15	-1.66684e-15	1
2.55478e-15	-4.2218e-15	-1.66702e-15	1
2.52953e-15	-4.19673e-15	-1.66719e-15	1
2.50467e-15	-4.17204e-15	-1.66736e-15	1
2.48019e-15	-4.14772e-15	-1.66753e-15	1
2.45608e-15	-4.12377e-15	-1.66769e-15	1
2.43233e-15	-4.10018e-15	-1.66785e-15	1
2.40893e-15	-4.07693e-15	-1.66801e-15	1
2.38588e-15	-4.05403e-15	-1.66816e-15	1
2.36316e-15	-4.03147e-15	-1.6683e-15	1
2.34079e-15	-4.00923e-15	-1.66844e-15	1
2.31873e-15	-3.98732e-15	-1.66858e-15	1
2.297e-15	-3.96572e-15	-1.66872e-15	1
2.27558e-15	-3.94443e-15	-1.66885e-15	1
2.25447e-15	-3.92345e-15	-1.66898e-15	1
2.23365e-15	-3.90276e-15	-1.66911e-15	1
2.21313e-15	-3.88236e-15	-1.66923e-15	1
2.19291e-15	-3.86225e-15	-1.66935e-15	1
2.17296e-15	-3.84242e-15	-1.66946e-15	1
2.15329e-15	-3.82287e-15	-1.66958e-15	1
2.1339e-15	-3.80359e-15	-1.66969e-15	1
2.11477e-15	-3.78457e-15	-1.6698e-15	1
2.0959e-15	-3.76581e-15	-1.6699e-15	1
2.0773e-15	-3.7473e-15	-1.67e-15	1
2.05894e-15	-3.72904e-15	-1.6701e-15	1
2.04083e-15	-3.71103e-15	-1.6702e-15	1
2.02296e-15	-3.69326e-15	-1.6703e-15	1
2.00534e-15	-3.67572e-15	-1.67039e-15	1
1.98794e-15	-3.65842e-15	-1.67048e-15	1
1.97078e-15	-3.64134e-15	-1.67057e-15	1
1.95384e-15	-3.62449e-15	-1.67065e-15	1
1.93712e-15	-3.60786e-15	-1.67073e-15	1
1.92062e-15	-3.59144e-15	-1.67082e-15	1
1.90433e-15	-3.57523e-15	-1.6709e-15	1
1.88825e-15	-3.55923e-15	-1.67097e-15	1
1.87238e-15	-3.54343e-15	-1.67105e-15	1
1.85671e-15	-3.52783e-15	-1.67112e-15	1
1.84124e-15	-3.51243e-15	-1.67119e-15	1
1.82596e-15	-3.49722e-15	-1.67126e-15	1
1.81087e-15	-3.4822e-15	-1.67133e-15	1
1.79597e-15	-3.46737e-15	-1.67139e-15	1
1.78126e-15	-3.45272e-15	-1.67146e-15	1
1.76673e-15	-3.43825e-15	-1.67152e-15	1
1.75237e-15	-3.42395e-15	-1.67158e-15	1
1.73819e-15	-3.40983e-15	-1.67164e-15	1
1.72419e-15	-3.39589e-15	-1.6717e-15	1
1.71035e-15	-3.3821e-15	-1.67175e-15	1
1.69668e-15	-3.36849e-15	-1.67181e-15	1
1.68317e-15	-3.35503e-15	-1.67186e-15	1
1.66983e-15	-3.34174e-15	-1.67191e-15	1
1.65664e-15	-3.3286e-15	-1.67196e-15	1
1.64361e-15	-3.31562e-15	-1.67201e-15	1
1.63073e-15	-3.30279e-15	-1.67206e-15	1
1.618e-15	-3.29011e-15	-1.67211e-15	1
1.60542e-15	-3.27757e-15	-1.67215e-15	1
1.59299e-15	-3.26518e-15	-1.67219e-15	1
1.5807e-15	-3.25293e-15	-1.67224e-15	1
1.56855e-15	-3.24083e-15	-1.67228e-15	1
1.55654e-15	-3.22886e-15	-1.67232e-15	1
1.54466e-15	-3.21702e-15	-1.67236e-15	1
1.53292e-15	-3.20532e-15	-1.6724e-15	1
1.52132e-15	-3.19375e-15	-1.67243e-15	1
1.50984e-15	-3.18231e-15	-1.67247e-15	1
1.49849e-15	-3.17099e-15	-1.6725e-15	1
1.48727e-15	-3.1598e-15	-1.67254e-15	1
1.47617e-15	-3.14874e-15	-1.67257e-15	1
1.46519e-15	-3.1378e-15	-1.6726e-15	1
1.45434e-15	-3.12697e-15	-1.67263e-15	1
1.4436e-15	-3.11626e-15	-1.67266e-15	1
1.43298e-15	-3.10567e-15	-1.67269e-15	1
1.42248e-15	-3.0952e-15	-1.67272e-15	1
1.41209e-15	-3.08483e-15	-1.67275e-15	1
1.40181e-15	-3.07458e-15	-1.67277e-15	1
1.39164e-15	-3.06444e-15	-1.6728e-15	1
1.38158e-15	-3.0544e-15	-1.67282e-15	1
1.37162e-15	-3.04447e-15	-1.67285e-15	1
1.36178e-15	-3.03464e-15	-1.67287e-15	1
1.35203e-15	-3.02492e-15	-1.67289e-15	1
1.34239e-15	-3.0153e-15	-1.67291e-15	1
1.33285e-15	-3.00578e-15	-1.67293e-15	1
1.3234e-15	-2.99636e-15	-1.67295e-15	1
1.31406e-15	-2.98703e-15	-1.67297e-15	1
1.30481e-15	-2.9778e-15	-1.67299e-15	1
1.29566e-15	-2.96867e-15	-1.67301e-15	1
1.2866e-15	-2.95963e-15	-1.67303e-15	1
1.27763e-15	-2.95068e-15	-1.67305e-15	1
1.26876e-15	-2.94182e-15	-1.67306e-15	1
1.25997e-15	-2.93305e-15	-1.67308e-15	1
1.25128e-15	-2.92437e-15	-1.67309e-15	1
1.24267e-15	-2.91577e-15	-1.67311e-15	1
1.23414e-15	-2.90726e-15	-1.67312e-15	1
1.22571e-15	-2.89884e-15	-1.67313e-15	1
1.21735e-15	-2.8905e-15	-1.67315e-15	1
1.20908e-15	-2.88224e-15	-1.67316e-15	1
1.20089e-15	-2.87406e-15	-1.67317e-15	1
1.19278e-15	-2.86597e-15	-1.67318e-15	1
1.18476e-15	-2.85795e-15	-1.67319e-15	1
1.17681e-15	-2.85001e-15	-1.6732e-15	1
1.16893e-15	-2.84214e-15	-1.67321e-15	1
1.16114e-15	-2.83436e-15	-1.67322e-15	1
1.15342e-15	-2.82665e-15	-1.67323e-15	1
1.14577e-15	-2.81901e-15	-1.67324e-15	1
1.1382e-15	-2.81144e-15	-1.67325e-15	1
1.1307e-15	-2.80395e-15	-1.67325e-15	1
1.12327e-15	-2.79653e-15	-1.67326e-15	1
1.11591e-15	-2.78918e-15	-1.67327e-15	1
1.10862e-15	-2.7819e-15	-1.67327e-15	1
1.10141e-15	-2.77468e-15	-1.67328e-15	1
1.09426e-15	-2.76754e-15	-1.67328e-15	1
1.08717e-15	-2.76046e-15	-1.67329e-15	1
1.08016e-15	-2.75345e-15	-1.67329e-15	1
1.0732e-15	-2.7465e-15	-1.6733e-15	1
1.06632e-15	-2.73962e-15	-1.6733e-15	1
1.0595e-15	-2.7328e-15	-1.6733e-15	1
1.05274e-15	-2.72604e-15	-1.67331e-15	1
1.04604e-15	-2.71935e-15	-1.67331e-15	1
1.03941e-15	-2.71272e-15	-1.67331e-15	1
1.03283e-15	-2.70615e-15	-1.67331e-15	1
1.02632e-15	-2.69963e-15	-1.67331e-15	1
1.01987e-15	-2.69318e-15	-1.67332e-15	1
1.01347e-15	-2.68679e-15	-1.67332e-15	1
1.00713e-15	-2.68045e-15	-1.67332e-15	1
1.00086e-15	-2.67417e-15	-1.67332e-15	1
9.94633e-16	-2.66795e-15	-1.67332e-15	1
9.88466e-16	-2.66178e-15	-1.67332e-15	1
9.82355e-16	-2.65567e-15	-1.67332e-15	1
9.76299e-16	-2.64961e-15	-1.67332e-15	1
9.70297e-16	-2.64361e-15	-1.67331e-15	1
9.64349e-16	-2.63766e-15	-1.67331e-15	1
9.58453e-16	-2.63176e-15	-1.67331e-15	1
9.5261e-16	-2.62592e-15	-1.67331e-15	1
9.46819e-16	-2.62013e-15	-1.67331e-15	1
9.41079e-16	-2.61438e-15	-1.6733e-15	1
9.3539e-16	-2.60869e-15	-1.6733e-15	1
9.29751e-16	-2.60305e-15	-1.6733e-15	1
9.24161e-16	-2.59746e-15	-1.6733e-15	1
9.1862e-16	-2.59191e-15	-1.67329e-15	1
9.13128e-16	-2.58642e-15	-1.67329e-15	1
9.07684e-16	-2.58097e-15	-1.67329e-15	1
9.02287e-16	-2.57557e-15	-1.67328e-15	1
8.96936e-16	-2.57021e-15	-1.67328e-15	1
8.91633e-16	-2.56491e-15	-1.67327e-15	1
8.86375e-16	-2.55964e-15	-1.67327e-15	1
8.81162e-16	-2.55443e-15	-1.67326e-15	1
8.75995e-16	-2.54925e-15	-1.67326e-15	1
8.70871e-16	-2.54412e-15	-1.67325e-15	1
8.65792e-16	-2.53904e-15	-1.67325e-15	1
8.60756e-16	-2.534e-15	-1.67324e-15	1
8.55764e-16	-2.529e-15	-1.67324e-15	1
8.50814e-16	-2.52404e-15	-1.67323e-15	1
8.45906e-16	-2.51913e-15	-1.67322e-15	1
8.41039e-16	-2.51426e-15	-1.67322e-15	1
8.36215e-16	-2.50942e-15	-1.67321e-15	1
8.31431e-16	-2.50463e-15	-1.6732e-15	1
8.26687e-16	-2.49988e-15	-1.6732e-15	1
8.21983e-16	-2.49517e-15	-1.67319e-15	1
8.17319e-16	-2.4905e-15	-1.67318e-15	1
8.12695e-16	-2.48587e-15	-1.67317e-15	1
8.08109e-16	-2.48128e-15	-1.67317e-15	1
8.03562e-16	-2.47672e-15	-1.67316e-15	1
7.99052e-16	-2.4722e-15	-1.67315e-15	1
7.94581e-16	-2.46772e-15	-1.67314e-15	1
7.90147e-16	-2.46328e-15	-1.67313e-15	1
7.8575e-16	-2.45888e-15	-1.67313e-15	1
7.81389e-16	-2.45451e-15	-1.67312e-15	1
7.77065e-16	-2.45017e-15	-1.67311e-15	1
7.72776e-16	-2.44588e-15	-1.6731e-15	1
7.68523e-16	-2.44162e-15	-1.67309e-15	1
7.64306e-16	-2.43739e-15	-1.67308e-15	1
7.60123e-16	-2.4332e-15	-1.67307e-15	1
7.55975e-16	-2.42904e-15	-1.67306e-15	1
7.51861e-16	-2.42492e-15	-1.67305e-15	1
7.47781e-16	-2.42083e-15	-1.67305e-15	1
7.43735e-16	-2.41677e-15	-1.67304e-15	1
7.39722e-16	-2.41275e-15	-1.67303e-15	1
7.35742e-16	-2.40876e-15	-1.67302e-15	1
7.31795e-16	-2.4048e-15	-1.67301e-15	1
7.2788e-16	-2.40088e-15	-1.673e-15	1
7.23997e-16	-2.39698e-15	-1.67299e-15	1
7.20146e-16	-2.39312e-15	-1.67298e-15	1
7.16326e-16	-2.38929e-15	-1.67296e-15	1
7.12538e-16	-2.38549e-15	-1.67295e-15	1
7.08781e-16	-2.38172e-15	-1.67294e-15	1
7.05054e-16	-2.37799e-15	-1.67293e-15	1
7.01358e-16	-2.37428e-15	-1.67292e-15	1
6.97692e-16	-2.3706e-15	-1.67291e-15	1
6.94056e-16	-2.36696e-15	-1.6729e-15	1
6.90449e-16	-2.36334e-15	-1.67289e-15	1
6.86872e-16	-2.35975e-15	-1.67288e-15	1
6.83324e-16	-2.35619e-15	-1.67287e-15	1
6.79804e-16	-2.35266e-15	-1.67286e-15	1
6.76314e-16	-2.34916e-15	-1.67284e-15	1
6.72851e-16	-2.34568e-15	-1.67283e-15	1
6.69417e-16	-2.34224e-15	-1.67282e-15	1
6.66011e-16	-2.33882e-15	-1.67281e-15	1
6.62632e-16	-2.33543e-15	-1.6728e-15	1
6.59281e-16	-2.33207e-15	-1.67278e-15	1
6.55957e-16	-2.32873e-15	-1.67277e-15	1
6.5266e-16	-2.32542e-15	-1.67276e-15	1
6.49389e-16	-2.32214e-15	-1.67275e-15	1
6.46146e-16	-2.31888e-15	-1.67274e-15	1
6.42928e-16	-2.31565e-15	-1.67272e-15	1
6.39737e-16	-2.31245e-15	-1.67271e-15	1
6.36571e-16	-2.30927e-15	-1.6727e-15	1
6.33431e-16	-2.30612e-15	-1.67269e-15	1
6.30317e-16	-2.30299e-15	-1.67267e-15	1
6.27228e-16	-2.29989e-15	-1.67266e-15	1
6.24163e-16	-2.29681e-15	-1.67265e-15	1
6.21124e-16	-2.29376e-15	-1.67264e-15	1
6.1811e-16	-2.29073e-15	-1.67262e-15	1
6.1512e-16	-2.28773e-15	-1.67261e-15	1
6.12154e-16	-2.28475e-15	-1.6726e-15	1
6.09212e-16	-2.2818e-15	-1.67258e-15	1
6.06294e-16	-2.27887e-15	-1.67257e-15	1
6.034e-16	-2.27596e-15	-1.67256e-15	1
6.0053e-16	-2.27307e-15	-1.67254e-15	1
5.97682e-16	-2.27021e-15	-1.67253e-15	1
5.94858e-16	-2.26738e-15	-1.67252e-15	1
5.92057e-16	-2.26456e-15	-1.6725e-15	1
5.89279e-16	-2.26177e-15	-1.67249e-15	1
5.86524e-16	-2.259e-15	-1.67248e-15	1
5.83791e-16	-2.25625e-15	-1.67246e-15	1
5.8108e-16	-2.25353e-15	-1.67245e-15	1
5.78392e-16	-2.25083e-15	-1.67244e-15	1
5.75725e-16	-2.24815e-15	-1.67242e-15	1
5.73081e-16	-2.24549e-15	-1.67241e-15	1
5.70458e-16	-2.24285e-15	-1.6724e-15	1
5.67857e-16	-2.24024e-15	-1.67238e-15	1
5.65277e-16	-2.23764e-15	-1.67237e-15	1
5.62718e-16	-2.23507e-15	-1.67235e-15	1
5.6018e-16	-2.23252e-15	-1.67234e-15	1
5.57664e-16	-2.22999e-15	-1.67233e-15	1
5.55168e-16	-2.22748e-15	-1.67231e-15	1
5.52692e-16	-2.22499e-15	-1.6723e-15	1
5.50238e-16	-2.22252e-15	-1.67228e-15	1
5.47803e-16	-2.22007e-15	-1.67227e-15	1
5.45389e-16	-2.21764e-15	-1.67225e-15	1
5.42995e-16	-2.21524e-15	-1.67224e-15	1
5.40621e-16	-2.21285e-15	-1.67223e-15	1
5.38266e-16	-2.21048e-15	-1.67221e-15	1
5.35932e-16	-2.20813e-15	-1.6722e-15	1
5.33617e-16	-2.2058e-15	-1.67218e-15	1
5.31321e-16	-2.20349e-15	-1.67217e-15	1
5.29044e-16	-2.2012e-15	-1.67215e-15	1
5.26787e-16	-2.19893e-15	-1.67214e-15	1
5.24549e-16	-2.19667e-15	-1.67212e-15	1
5.2233e-16	-2.19444e-15	-1.67211e-15	1
5.20129e-16	-2.19222e-15	-1.6721e-15	1
5.17947e-16	-2.19003e-15	-1.67208e-15	1
5.15784e-16	-2.18785e-15	-1.67207e-15	1
5.13639e-16	-2.18569e-15	-1.67205e-15	1
5.11513e-16	-2.18355e-15	-1.67204e-15	1
5.09405e-16	-2.18143e-15	-1.67202e-15	1
5.07314e-16	-2.17932e-15	-1.67201e-15	1
5.05242e-16	-2.17723e-15	-1.67199e-15	1
5.03188e-16	-2.17516e-15	-1.67198e-15	1
5.01151e-16	-2.17311e-15	-1.67196e-15	1
4.99132e-16	-2.17108e-15	-1.67195e-15	1
4.97131e-16	-2.16906e-15	-1.67193e-15	1
4.95147e-16	-2.16706e-15	-1.67192e-15	1
4.9318e-16	-2.16508e-15	-1.6719e-15	1
4.91231e-16	-2.16312e-15	-1.67189e-15	1
4.89299e-16	-2.16117e-15	-1.67187e-15	1
4.87384e-16	-2.15924e-15	-1.67186e-15	1
4.85485e-16	-2.15733e-15	-1.67184e-15	1
4.83604e-16	-2.15543e-15	-1.67183e-15	1
4.81739e-16	-2.15355e-15	-1.67181e-15	1
4.79891e-16	-2.15169e-15	-1.67179e-15	1
4.7806e-16	-2.14984e-15	-1.67178e-15	1
4.76245e-16	-2.14801e-15	-1.67176e-15	1
4.74446e-16	-2.14619e-15	-1.67175e-15	1
4.72664e-16	-2.1444e-15	-1.67173e-15	1
4.70897e-16	-2.14262e-15	-1.67172e-15	1
4.69147e-16	-2.14085e-15	-1.6717e-15	1
4.67413e-16	-2.1391e-15	-1.67169e-15	1
4.65695e-16	-2.13737e-15	-1.67167e-15	1
4.63993e-16	-2.13565e-15	-1.67166e-15	1
4.62306e-16	-2.13395e-15	-1.67164e-15	1
4.60635e-16	-2.13226e-15	-1.67163e-15	1
4.5898e-16	-2.13059e-15	-1.67161e-15	1
4.5734e-16	-2.12893e-15	-1.67159e-15	1
4.55715e-16	-2.12729e-15	-1.67158e-15	1
4.54106e-16	-2.12567e-15	-1.67156e-15	1
4.52512e-16	-2.12406e-15	-1.67155e-15	1
4.50934e-16	-2.12247e-15	-1.67153e-15	1
4.4937e-16	-2.12089e-15	-1.67152e-15	1
4.47822e-16	-2.11932e-15	-1.6715e-15	1
4.46288e-16	-2.11777e-15	-1.67148e-15	1
4.44769e-16	-2.11624e-15	-1.67147e-15	1
4.43266e-16	-2.11472e-15	-1.67145e-15	1
4.41776e-16	-2.11321e-15	-1.67144e-15	1
4.40302e-16	-2.11172e-15	-1.67142e-15	1
4.38842e-16	-2.11025e-15	-1.67141e-15	1
4.37397e-16	-2.10879e-15	-1.67139e-15	1
4.35966e-16	-2.10734e-15	-1.67137e-15	1
4.34549e-16	-2.10591e-15	-1.67136e-15	1
4.33147e-16	-2.10449e-15	-1.67134e-15	1
4.31759e-16	-2.10309e-15	-1.67133e-15	1
4.30386e-16	-2.1017e-15	-1.67131e-15	1
4.29026e-16	-2.10032e-15	-1.67129e-15	1
4.2768e-16	-2.09896e-15	-1.67128e-15	1
4.26349e-16	-2.09761e-15	-1.67126e-15	1
4.25031e-16	-2.09628e-15	-1.67125e-15	1
4.23728e-16	-2.09496e-15	-1.67123e-15	1
4.22438e-16	-2.09365e-15	-1.67122e-15	1
4.21162e-16	-2.09236e-15	-1.6712e-15	1
4.19899e-16	-2.09108e-15	-1.67118e-15	1
4.1865e-16	-2.08982e-15	-1.67117e-15	1
4.17415e-16	-2.08857e-15	-1.67115e-15	1
4.16194e-16	-2.08733e-15	-1.67114e-15	1
4.14985e-16	-2.0861e-15	-1.67112e-15	1
4.13791e-16	-2.08489e-15	-1.6711e-15	1
4.12609e-16	-2.0837e-15	-1.67109e-15	1
4.11441e-16	-2.08251e-15	-1.67107e-15	1
4.10286e-16	-2.08134e-15	-1.67105e-15	1
4.09145e-16	-2.08018e-15	-1.67104e-15	1
4.08016e-16	-2.07904e-15	-1.67102e-15	1
4.06901e-16	-2.07791e-15	-1.67101e-15	1
4.05798e-16	-2.07679e-15	-1.67099e-15	1
4.04709e-16	-2.07568e-15	-1.67097e-15	1
4.03633e-16	-2.07459e-15	-1.67096e-15	1
4.02569e-16	-2.07351e-15	-1.67094e-15	1
4.01518e-16	-2.07244e-15	-1.67093e-15	1
4.00481e-16	-2.07139e-15	-1.67091e-15	1
3.99456e-16	-2.07035e-15	-1.67089e-15	1
3.98443e-16	-2.06932e-15	-1.67088e-15	1
3.97444e-16	-2.0683e-15	-1.67086e-15	1
3.96457e-16	-2.0673e-15	-1.67084e-15	1
3.95482e-16	-2.06631e-15	-1.67083e-15	1
3.9452e-16	-2.06533e-15	-1.67081e-15	1
3.93571e-16	-2.06437e-15	-1.6708e-15	1
3.92634e-16	-2.06341e-15	-1.67078e-15	1
3.91709e-16	-2.06247e-15	-1.67076e-15	1
3.90797e-16	-2.06154e-15	-1.67075e-15	1
3.89897e-16	-2.06063e-15	-1.67073e-15	1
3.8901e-16	-2.05972e-15	-1.67071e-15	1
3.88134e-16	-2.05883e-15	-1.6707e-15	1
3.87271e-16	-2.05795e-15	-1.67068e-15	1
3.8642e-16	-2.05709e-15	-1.67067e-15	1
3.85582e-16	-2.05623e-15	-1.67065e-15	1
3.84755e-16	-2.05539e-15	-1.67063e-15	1
3.83941e-16	-2.05456e-15	-1.67062e-15	1
3.83138e-16	-2.05374e-15	-1.6706e-15	1
3.82348e-16	-2.05293e-15	-1.67058e-15	1
3.81569e-16	-2.05214e-15	-1.67057e-15	1
3.80802e-16	-2.05135e-15	-1.67055e-15	1
3.80048e-16	-2.05058e-15	-1.67054e-15	1
3.79305e-16	-2.04982e-15	-1.67052e-15	1
3.78574e-16	-2.04908e-15	-1.6705e-15	1
3.77855e-16	-2.04834e-15	-1.67049e-15	1
3.77147e-16	-2.04762e-15	-1.67047e-15	1
3.76452e-16	-2.04691e-15	-1.67045e-15	1
3.75768e-16	-2.0462e-15	-1.67044e-15	1
3.75096e-16	-2.04552e-15	-1.67042e-15	1
3.74435e-16	-2.04484e-15	-1.6704e-15	1
3.73786e-16	-2.04417e-15	-1.67039e-15	1
3.73149e-16	-2.04352e-15	-1.67037e-15	1
3.72523e-16	-2.04288e-15	-1.67035e-15	1
3.71909e-16	-2.04225e-15	-1.67034e-15	1
3.71306e-16	-2.04163e-15	-1.67032e-15	1
3.70715e-16	-2.04102e-15	-1.67031e-15	1
3.70135e-16	-2.04042e-15	-1.67029e-15	1
3.69567e-16	-2.03984e-15	-1.67027e-15	1
3.6901e-16	-2.03927e-15	-1.67026e-15	1
3.68464e-16	-2.0387e-15	-1.67024e-15	1
3.6793e-16	-2.03815e-15	-1.67022e-15	1
3.67407e-16	-2.03761e-15	-1.67021e-15	1
3.66896e-16	-2.03709e-15	-1.67019e-15	1
3.66396e-16	-2.03657e-15	-1.67017e-15	1
3.65907e-16	-2.03606e-15	-1.67016e-15	1
3.65429e-16	-2.03557e-15	-1.67014e-15	1
3.64963e-16	-2.03509e-15	-1.67012e-15	1
3.64508e-16	-2.03462e-15	-1.67011e-15	1
3.64064e-16	-2.03416e-15	-1.67009e-15	1
3.63631e-16	-2.03371e-15	-1.67007e-15	1
3.6321e-16	-2.03327e-15	-1.67006e-15	1
3.62799e-16	-2.03284e-15	-1.67004e-15	1
3.624e-16	-2.03243e-15	-1.67003e-15	1
3.62012e-16	-2.03202e-15	-1.67001e-15	1
3.61635e-16	-2.03163e-15	-1.66999e-15	1
3.61269e-16	-2.03124e-15	-1.66998e-15	1
3.60914e-16	-2.03087e-15	-1.66996e-15	1
3.6057e-16	-2.03051e-15	-1.66994e-15	1
3.60238e-16	-2.03016e-15	-1.66993e-15	1
3.59916e-16	-2.02983e-15	-1.66991e-15	1
3.59605e-16	-2.0295e-15	-1.66989e-15	1
3.59305e-16	-2.02918e-15	-1.66988e-15	1
3.59016e-16	-2.02888e-15	-1.66986e-15	1
3.58739e-16	-2.02858e-15	-1.66984e-15	1
3.58472e-16	-2.0283e-15	-1.66983e-15	1
3.58216e-16	-2.02803e-15	-1.66981e-15	1
3.57971e-16	-2.02777e-15	-1.66979e-15	1
3.57737e-16	-2.02751e-15	-1.66978e-15	1
3.57514e-16	-2.02728e-15	-1.66976e-15	1
3.57302e-16	-2.02705e-15	-1.66974e-15	1
3.571e-16	-2.02683e-15	-1.66973e-15	1
3.5691e-16	-2.02662e-15	-1.66971e-15	1
3.56731e-16	-2.02643e-15	-1.66969e-15	1
3.56562e-16	-2.02624e-15	-1.66968e-15	1
3.56404e-16	-2.02607e-15	-1.66966e-15	1
3.56257e-16	-2.0259e-15	-1.66965e-15	1
3.56121e-16	-2.02575e-15	-1.66963e-15	1
3.55996e-16	-2.02561e-15	-1.66961e-15	1
3.55882e-16	-2.02548e-15	-1.6696e-15	1
3.55778e-16	-2.02536e-15	-1.66958e-15	1
3.55685e-16	-2.02525e-15	-1.66956e-15	1
3.55603e-16	-2.02515e-15	-1.66955e-15	1
3.55532e-16	-2.02506e-15	-1.66953e-15	1
3.55472e-16	-2.02498e-15	-1.66951e-15	1
3.55423e-16	-2.02492e-15	-1.6695e-15	1
3.55384e-16	-2.02486e-15	-1.66948e-15	1
3.55356e-16	-2.02482e-15	-1.66946e-15	1
3.55339e-16	-2.02479e-15	-1.66945e-15	1
3.55333e-16	-2.02476e-15	-1.66943e-15	1
3.55338e-16	-2.02475e-15	-1.66941e-15	1
3.55353e-16	-2.02475e-15	-1.6694e-15	1
3.55379e-16	-2.02476e-15	-1.66938e-15	1
3.55416e-16	-2.02478e-15	-1.66936e-15	1
3.55464e-16	-2.02481e-15	-1.66935e-15	1
3.55523e-16	-2.02485e-15	-1.66933e-15	1
3.55592e-16	-2.02491e-15	-1.66931e-15	1
3.55672e-16	-2.02497e-15	-1.6693e-15	1
3.55763e-16	-2.02504e-15	-1.66928e-15	1
3.55865e-16	-2.02513e-15	-1.66926e-15	1
3.55978e-16	-2.02523e-15	-1.66925e-15	1
3.56102e-16	-2.02533e-15	-1.66923e-15	1
3.56236e-16	-2.02545e-15	-1.66921e-15	1
3.56381e-16	-2.02558e-15	-1.6692e-15	1
3.56537e-16	-2.02572e-15	-1.66918e-15	1
3.56704e-16	-2.02587e-15	-1.66917e-15	1
3.56882e-16	-2.02603e-15	-1.66915e-15	1
3.5707e-16	-2.0262e-15	-1.66913e-15	1
3.57269e-16	-2.02639e-15	-1.66912e-15	1
3.5748e-16	-2.02658e-15	-1.6691e-15	1
3.57701e-16	-2.02678e-15	-1.66908e-15	1
3.57933e-16	-2.027e-15	-1.66907e-15	1
3.58176e-16	-2.02723e-15	-1.66905e-15	1
3.5843e-16	-2.02746e-15	-1.66903e-15	1
3.58694e-16	-2.02771e-15	-1.66902e-15	1
3.5897e-16	-2.02797e-15	-1.669e-15	1
3.59257e-16	-2.02824e-15	-1.66898e-15	1
3.59554e-16	-2.02852e-15	-1.66897e-15	1
3.59863e-16	-2.02881e-15	-1.66895e-15	1
3.60182e-16	-2.02912e-15	-1.66893e-15	1
3.60512e-16	-2.02943e-15	-1.66892e-15	1
